SM:2025-04-16T09:54:36.6670597Z
LM:2025-04-16T09:55:04.6446560Z
CT:image/jpeg
MA:604800
CL:19737
